{
  "majority": {
    "val": {
      "raw_confusion_matrix": [
        [
          0,
          141,
          0
        ],
        [
          0,
          895,
          0
        ],
        [
          0,
          164,
          0
        ]
      ],
      "row_normalized_confusion_matrix": [
        [
          0.0,
          1.0,
          0.0
        ],
        [
          0.0,
          1.0,
          0.0
        ],
        [
          0.0,
          1.0,
          0.0
        ]
      ],
      "class_order": [
        0,
        1,
        2
      ],
      "class_names": {
        "0": "down",
        "1": "neutral",
        "2": "up"
      }
    },
    "test": {
      "raw_confusion_matrix": [
        [
          0,
          205,
          0
        ],
        [
          0,
          742,
          0
        ],
        [
          0,
          205,
          0
        ]
      ],
      "row_normalized_confusion_matrix": [
        [
          0.0,
          1.0,
          0.0
        ],
        [
          0.0,
          1.0,
          0.0
        ],
        [
          0.0,
          1.0,
          0.0
        ]
      ],
      "class_order": [
        0,
        1,
        2
      ],
      "class_names": {
        "0": "down",
        "1": "neutral",
        "2": "up"
      }
    }
  },
  "logistic_regression": {
    "val": {
      "raw_confusion_matrix": [
        [
          57,
          68,
          16
        ],
        [
          101,
          688,
          106
        ],
        [
          33,
          80,
          51
        ]
      ],
      "row_normalized_confusion_matrix": [
        [
          0.40425531914893614,
          0.48226950354609927,
          0.11347517730496454
        ],
        [
          0.11284916201117319,
          0.7687150837988826,
          0.11843575418994413
        ],
        [
          0.20121951219512196,
          0.4878048780487805,
          0.31097560975609756
        ]
      ],
      "class_order": [
        0,
        1,
        2
      ],
      "class_names": {
        "0": "down",
        "1": "neutral",
        "2": "up"
      }
    },
    "test": {
      "raw_confusion_matrix": [
        [
          75,
          94,
          36
        ],
        [
          172,
          420,
          150
        ],
        [
          45,
          99,
          61
        ]
      ],
      "row_normalized_confusion_matrix": [
        [
          0.36585365853658536,
          0.4585365853658537,
          0.17560975609756097
        ],
        [
          0.23180592991913745,
          0.5660377358490566,
          0.20215633423180593
        ],
        [
          0.21951219512195122,
          0.48292682926829267,
          0.2975609756097561
        ]
      ],
      "class_order": [
        0,
        1,
        2
      ],
      "class_names": {
        "0": "down",
        "1": "neutral",
        "2": "up"
      }
    }
  },
  "mlp": {
    "val": {
      "raw_confusion_matrix": [
        [
          47,
          75,
          19
        ],
        [
          50,
          771,
          74
        ],
        [
          58,
          78,
          28
        ]
      ],
      "row_normalized_confusion_matrix": [
        [
          0.3333333333333333,
          0.5319148936170213,
          0.1347517730496454
        ],
        [
          0.055865921787709494,
          0.8614525139664805,
          0.08268156424581005
        ],
        [
          0.35365853658536583,
          0.47560975609756095,
          0.17073170731707318
        ]
      ],
      "class_order": [
        0,
        1,
        2
      ],
      "class_names": {
        "0": "down",
        "1": "neutral",
        "2": "up"
      }
    },
    "test": {
      "raw_confusion_matrix": [
        [
          127,
          34,
          44
        ],
        [
          301,
          259,
          182
        ],
        [
          94,
          32,
          79
        ]
      ],
      "row_normalized_confusion_matrix": [
        [
          0.6195121951219512,
          0.16585365853658537,
          0.2146341463414634
        ],
        [
          0.4056603773584906,
          0.3490566037735849,
          0.24528301886792453
        ],
        [
          0.4585365853658537,
          0.15609756097560976,
          0.3853658536585366
        ]
      ],
      "class_order": [
        0,
        1,
        2
      ],
      "class_names": {
        "0": "down",
        "1": "neutral",
        "2": "up"
      }
    }
  }
}