{
  "majority": {
    "val": {
      "raw_confusion_matrix": [
        [
          0,
          132,
          0
        ],
        [
          0,
          922,
          0
        ],
        [
          0,
          146,
          0
        ]
      ],
      "row_normalized_confusion_matrix": [
        [
          0.0,
          1.0,
          0.0
        ],
        [
          0.0,
          1.0,
          0.0
        ],
        [
          0.0,
          1.0,
          0.0
        ]
      ],
      "class_order": [
        0,
        1,
        2
      ],
      "class_names": {
        "0": "down",
        "1": "neutral",
        "2": "up"
      }
    },
    "test": {
      "raw_confusion_matrix": [
        [
          0,
          288,
          0
        ],
        [
          0,
          451,
          0
        ],
        [
          0,
          263,
          0
        ]
      ],
      "row_normalized_confusion_matrix": [
        [
          0.0,
          1.0,
          0.0
        ],
        [
          0.0,
          1.0,
          0.0
        ],
        [
          0.0,
          1.0,
          0.0
        ]
      ],
      "class_order": [
        0,
        1,
        2
      ],
      "class_names": {
        "0": "down",
        "1": "neutral",
        "2": "up"
      }
    }
  },
  "logistic_regression": {
    "val": {
      "raw_confusion_matrix": [
        [
          53,
          63,
          16
        ],
        [
          276,
          454,
          192
        ],
        [
          28,
          64,
          54
        ]
      ],
      "row_normalized_confusion_matrix": [
        [
          0.4015151515151515,
          0.4772727272727273,
          0.12121212121212122
        ],
        [
          0.2993492407809111,
          0.4924078091106291,
          0.20824295010845986
        ],
        [
          0.1917808219178082,
          0.4383561643835616,
          0.3698630136986301
        ]
      ],
      "class_order": [
        0,
        1,
        2
      ],
      "class_names": {
        "0": "down",
        "1": "neutral",
        "2": "up"
      }
    },
    "test": {
      "raw_confusion_matrix": [
        [
          60,
          203,
          25
        ],
        [
          96,
          315,
          40
        ],
        [
          43,
          182,
          38
        ]
      ],
      "row_normalized_confusion_matrix": [
        [
          0.20833333333333334,
          0.7048611111111112,
          0.08680555555555555
        ],
        [
          0.21286031042128603,
          0.6984478935698448,
          0.08869179600886919
        ],
        [
          0.1634980988593156,
          0.6920152091254753,
          0.1444866920152091
        ]
      ],
      "class_order": [
        0,
        1,
        2
      ],
      "class_names": {
        "0": "down",
        "1": "neutral",
        "2": "up"
      }
    }
  },
  "mlp": {
    "val": {
      "raw_confusion_matrix": [
        [
          36,
          94,
          2
        ],
        [
          367,
          505,
          50
        ],
        [
          42,
          88,
          16
        ]
      ],
      "row_normalized_confusion_matrix": [
        [
          0.2727272727272727,
          0.7121212121212122,
          0.015151515151515152
        ],
        [
          0.39804772234273317,
          0.5477223427331888,
          0.05422993492407809
        ],
        [
          0.2876712328767123,
          0.6027397260273972,
          0.1095890410958904
        ]
      ],
      "class_order": [
        0,
        1,
        2
      ],
      "class_names": {
        "0": "down",
        "1": "neutral",
        "2": "up"
      }
    },
    "test": {
      "raw_confusion_matrix": [
        [
          43,
          245,
          0
        ],
        [
          40,
          411,
          0
        ],
        [
          28,
          235,
          0
        ]
      ],
      "row_normalized_confusion_matrix": [
        [
          0.14930555555555555,
          0.8506944444444444,
          0.0
        ],
        [
          0.08869179600886919,
          0.9113082039911308,
          0.0
        ],
        [
          0.10646387832699619,
          0.8935361216730038,
          0.0
        ]
      ],
      "class_order": [
        0,
        1,
        2
      ],
      "class_names": {
        "0": "down",
        "1": "neutral",
        "2": "up"
      }
    }
  }
}